0,0.64,0.64,0,0.32,0,0,0,0,0,0,0.64,0,0,0,0.32,0,1.29,1.93,0,0.96,0,0,0,0,0,0,0,0,0,0,0,0,0,0,0,0,0,0,0,0,0,0,0,0,0,0,0,0,0,0,0.778,0,0,3.756,61,278,1
0.21,0.28,0.5,0,0.14,0.28,0.21,0.07,0,0.94,0.21,0.79,0.65,0.21,0.14,0.14,0.07,0.28,3.47,0,1.59,0,0.43,0.43,0,0,0,0,0,0,0,0,0,0,0,0,0.07,0,0,0,0,0,0,0,0,0,0,0,0,0.132,0,0.372,0.18,0.048,5.114,101,1028,1
0.06,0,0.71,0,1.23,0.19,0.19,0.12,0.64,0.25,0.38,0.45,0.12,0,1.75,0.06,0.06,1.03,1.36,0.32,0.51,0,1.16,0.06,0,0,0,0,0,0,0,0,0,0,0,0,0,0,0,0.06,0,0,0.12,0,0.06,0.06,0,0,0.01,0.143,0,0.276,0.184,0.01,9.821,485,2259,1
0,0,0,0,0.63,0,0.31,0.63,0.31,0.63,0.31,0.31,0.31,0,0,0.31,0,0,3.18,0,0.31,0,0,0,0,0,0,0,0,0,0,0,0,0,0,0,0,0,0,0,0,0,0,0,0,0,0,0,0,0.137,0,0.137,0,0,3.537,40,191,1
0,0,0,0,0.63,0,0.31,0.63,0.31,0.63,0.31,0.31,0.31,0,0,0.31,0,0,3.18,0,0.31,0,0,0,0,0,0,0,0,0,0,0,0,0,0,0,0,0,0,0,0,0,0,0,0,0,0,0,0,0.135,0,0.135,0,0,3.537,40,191,1
0,0,0,0,1.85,0,0,1.85,0,0,0,0,0,0,0,0,0,0,0,0,0,0,0,0,0,0,0,0,0,0,0,0,0,0,0,0,0,0,0,0,0,0,0,0,0,0,0,0,0,0.223,0,0,0,0,3,15,54,1
0,0,0,0,1.92,0,0,0,0,0.64,0.96,1.28,0,0,0,0.96,0,0.32,3.85,0,0.64,0,0,0,0,0,0,0,0,0,0,0,0,0,0,0,0,0,0,0,0,0,0,0,0,0,0,0,0,0.054,0,0.164,0.054,0,1.671,4,112,1
0,0,0,0,1.88,0,0,1.88,0,0,0,0,0,0,0,0,0,0,0,0,0,0,0,0,0,0,0,0,0,0,0,0,0,0,0,0,0,0,0,0,0,0,0,0,0,0,0,0,0,0.206,0,0,0,0,2.45,11,49,1
0.15,0,0.46,0,0.61,0,0.3,0,0.92,0.76,0.76,0.92,0,0,0,0,0,0.15,1.23,3.53,2,0,0,0.15,0,0,0,0,0,0,0,0,0.15,0,0,0,0,0,0,0,0,0,0.3,0,0,0,0,0,0,0.271,0,0.181,0.203,0.022,9.744,445,1257,1
0.06,0.12,0.77,0,0.19,0.32,0.38,0,0.06,0,0,0.64,0.25,0,0.12,0,0,0.12,1.67,0.06,0.71,0,0.19,0,0,0,0,0,0,0,0,0,0,0,0,0,0,0,0,0,0,0,0,0.06,0,0,0,0,0.04,0.03,0,0.244,0.081,0,1.729,43,749,1
0,0,0,0,0,0,0.96,0,0,1.92,0.96,0,0,0,0,0,0,0.96,3.84,0,0.96,0,0,0,0,0,0,0,0,0,0,0,0,0,0,0,0,0,0,0.96,0,0,0,0,0,0,0,0,0,0,0,0.462,0,0,1.312,6,21,1
0,0,0.25,0,0.38,0.25,0.25,0,0,0,0.12,0.12,0.12,0,0,0,0,0,1.16,0,0.77,0,0,0,0,0,0,0,0,0,0,0,0,0,0,0,0,0,0,0,0,0,0,0,0,0,0,0,0.022,0.044,0,0.663,0,0,1.243,11,184,1
0,0.69,0.34,0,0.34,0,0,0,0,0,0,0.69,0,0,0,0.34,0,1.39,2.09,0,1.04,0,0,0,0,0,0,0,0,0,0,0,0,0,0,0,0,0,0,0,0,0,0,0,0,0,0,0,0,0.056,0,0.786,0,0,3.728,61,261,1
0,0,0,0,0.9,0,0.9,0,0,0.9,0.9,0,0.9,0,0,0,0,0,2.72,0,0.9,0,0,0,0,0,0,0,0,0,0,0,0,0,0,0,0,0,0,0,0,0,0,0,0,0,0,0,0,0,0,0,0,0,2.083,7,25,1
0,0,1.42,0,0.71,0.35,0,0.35,0,0.71,0,0.35,0,0,0,5.35,0,0,3.21,0,2.85,0,0.35,0,0,0,0,0,0,0,0,0,0,0,0,0,0,0,0,0,0,0,0,0,0,0,0,0,0,0.102,0,0.357,0,0,1.971,24,205,1
0,0.42,0.42,0,1.27,0,0.42,0,0,1.27,0,0,0,0,0,1.27,0,0,1.7,0.42,1.27,0,0,0.42,0,0,0,0,0,0,0,0,0,0,0,0,1.27,0,0,0.42,0,0,0,0,0,0,0,0,0,0.063,0,0.572,0.063,0,5.659,55,249,1
0,0,0,0,0.94,0,0,0,0,0,0,0,0,0,0,0,0,0,1.88,0,2.83,0,0,0,0,0,0,0,0,0,0,0,0,0,0,0,0,0,0,0,0,0,0,0,0,0,0,0,0,0,0,0.428,0,0,4.652,31,107,1
0,0,0,0,0,0,0,0,0,0,0,0,0,0,0,0,0,0,0,0,2.11,0,0.7,0,0,0,0,0,0,0,0,0,0,0,0,0,0,0,0,0,0,0,0,0,0,0,0,0,0,0,0,1.975,0.37,0,35.461,95,461,1
0,0,0.55,0,1.11,0,0.18,0,0,0,0,0,0.92,0,0.18,0,0.37,0.37,3.15,0,0.92,0,0,0,0,0,0,0,0,0,0,0,0,0,0,0,0,0,0,0,0,0,0,0,0,0,0,0,0,0.182,0,0.455,0,0,1.32,4,70,1
0,0.63,0,0,1.59,0.31,0,0,0.31,0,0,0.63,0,0,1.27,0.63,0.31,3.18,2.22,0,1.91,0,0.31,0.63,0,0,0,0.31,0,0,0,0,0,0,0,0,0,0,0,1.59,0,0,0,0,0,0,0,0,0,0.275,0,0.055,0.496,0,3.509,91,186,1
0,0,0,0,0,0,0,0,0,0,0,0,0,0,0,0,0,0,0,0,0,0,0,0,0,0,0,0,0,0,0,0,0,0,0,0,0,0,0,0,0,0,0,0,0,0,0,0,0,0.729,0,0.729,0,0,3.833,9,23,1
0.05,0.07,0.1,0,0.76,0.05,0.15,0.02,0.55,0,0.1,0.47,0.02,0,0,0,0.02,0.13,2.09,0.1,1.57,0,0.05,0,0,0,0,0,0,0,0,0,0,0,0,0.02,0.1,0,0,0,0,0,0,0,0,0,0,0,0.042,0.101,0.016,0.25,0.046,0.059,2.569,66,2259,1
0,0,0,0,2.94,0,0,0,0,0,0,0,0,0,0,2.94,0,0,0,0,0,0,0,0,0,0,0,0,0,0,0,0,0,0,0,0,0,0,0,0,0,0,0,0,0,0,0,0,0.404,0.404,0,0.809,0,0,4.857,12,34,1
0,0,0,0,1.16,0,0,0,0,0,0,0.58,0,0,0,1.16,0,1.16,1.16,0,1.75,0,0,0,0,0,0,0,0,0,0,0,0,0,0,0,0,0,0,0,0,0,0,0,0,0,0,0,0,0.133,0,0.667,0,0,1.131,5,69,1
0,0,0,0,0,0,0,0,0,0,0,0,0,0,0,0,0,0,0,0,0,0,0,0,0,0,0,0,0,0,0,0,0,0,0,0,0,0,0,0,0,0,0,0,1.44,0,0,0,0,0.196,0,0.392,0.196,0,5.466,22,82,1
0.05,0.07,0.1,0,0.76,0.05,0.15,0.02,0.55,0,0.1,0.47,0.02,0,0,0,0.02,0.13,2.09,0.1,1.57,0,0.05,0,0,0,0,0,0,0,0,0,0,0,0,0.02,0.1,0,0,0,0,0,0,0,0,0,0,0,0.042,0.101,0.016,0.25,0.046,0.059,2.565,66,2258,1
0,0,0,0,0,0,0,0,0,0,0,0,0,0,0,0,0,0,0,0,0,0,0,0,0,0,0,0,0,0,0,0,0,0,0,0,0,0,0,0,0,0,0,0,1.44,0,0,0,0,0.196,0,0.392,0.196,0,5.466,22,82,1
0,0,0,0,0,0,1.66,0,0,0,0,0,0,0,0,0,0,0,3.33,0,0,0,0,3.33,0,0,0,0,0,0,0,0,0,0,0,0,0,0,0,0,0,0,0,0,0,0,0,0,0,0,0,0.368,0,0,2.611,12,47,1
0,0,0,0,0,0,0,0,0,0,0,0,0,0,0,3.33,0,0,0,0,0,0,0,0,0,0,0,0,0,0,0,0,0,0,0,0,0,0,0,0,0,0,0,0,0,0,0,0,0,0.352,0,0.352,0,0,4,11,36,1
0,0,0,0,0.65,0,0.65,0,0,0,0.65,0.65,0,0,0,0.65,1.3,0,1.3,5.22,1.3,0,0,0.65,0,0,0,0,0,0,0,0,0,0,0,0,0,0,0,0,0,0,0,0,0,0,0,0,0,0.459,0,0.091,0,0,2.687,66,129,1
1.17,0,0,0,0,0,0,0,0,0,0,1.17,0,0,0,0,1.17,0,3.52,0,0,0,0,0,0,0,0,0,0,0,0,0,0,0,0,0,0,0,0,0,0,0,0,0,1.17,0,0,0,0,0,0,0.886,0,0,1.966,10,59,1
0,0,3.03,0,0,0,0,0,0,0,0,0,0,0,0,3.03,0,0,0,0,0,0,0,0,0,0,0,0,0,0,0,0,0,0,0,0,0,0,0,0,0,0,0,0,0,0,0,0,0,0.352,0,2.112,0,0,3.909,11,43,1
0,0,0,0,1.89,0.27,0,0,0,0,0,0.81,0,0,0,0.27,0,0,3.51,0,2.7,0,0,0.27,0,0,0,0,0,0,0,0,0,0,0,0,0,0,0,0,0,0,0,0,0,0,0,0,0,0.045,0,0,0.091,0,1.39,11,89,1
0,0,0,0,0,0,0,0,0,0,0,0,0,0,0,0,0,4.83,4.83,0,0,0,0,0,0,0,0,0,0,0,0,0,0,0,0,0,0,0,0,0,0,0,0,0,0,0,0,0,0,0,0,0,0.302,0,1.7,5,17,1
0,0.68,0,0,0,0,0,0,0,0.68,1.36,0,0,0,0,0,0,0,2.04,0,0.68,0,0,0,0.68,0,0,0.68,0,0,1.36,0,0,0,0.68,0,1.36,0,0,0,0,0,0,0,0,0,0,0,0,0,0.185,0,0,0,3.826,30,264,1
0,0,2.56,0,0,0,0,0,0,0,0,0,0,0,0,0,0,0,5.12,0,0,0,0,0,0,0,0,0,0,0,0,0,0,0,0,0,0,0,0,0,0,0,0,0,0,0,0,0,0,0.308,0,1.543,0,0,2.777,6,25,1
0,0,0,0,2.94,0,0,0,0,0,0,0,0,0,0,2.94,0,0,0,0,0,0,0,0,0,0,0,0,0,0,0,0,0,0,0,0,0,0,0,0,0,0,0,0,0,0,0,0,0.436,0.436,0,0.873,0,0,4.142,12,29,1
0,0,0.48,0,1.46,0,0.48,0,0,0,0,0.97,0,0,0,0.48,0.97,0,2.43,0,2.43,0,0.48,0,0,0,0,0,0,0,0,0,0,0,0,0,0,0,0,0,0,0,0,0,0.48,0,0,0,0,0.081,0,0.488,0.244,0,5.431,78,239,1
0,0.48,0.48,0,0.48,0,0,0,0,0,0,0.97,0,0,0,0.48,0,0.97,1.46,0,0.97,0,0,0,0,0,0,0,0,0,0,0,0,0,0,0,0,0,0,0,0,0,0,0,0,0,0,0,0,0.08,0,0.963,0,0,3.1,61,186,1
0,0.41,1.66,0,0.41,0,0,0,0,0,0,0.41,0,0,0,0.41,0,0.83,2.08,0,1.25,0,0,0,0,0,0,0,0,0,0,0,0,0,0,0,0,0,0,0,0,0,0,0,0.41,0,0,0,0,0.068,0,0.75,0,0,3.851,121,285,1
0.3,0,0,0,0.61,0.92,0,2.45,0,0,0,0.3,1.53,0,0,0,0,0.3,2.76,0,0.61,0,0.3,0.61,0,0,0,0,0,0,0,0,0,0,0,0,0.3,0,0,0,0,0,0,0,0,0,0,0,0,0.051,0,0.207,0.207,0,2.132,30,226,1
0,0,0,0,2.94,0,0,0,0,0,0,0,0,0,0,2.94,0,0,0,0,0,0,0,0,0,0,0,0,0,0,0,0,0,0,0,0,0,0,0,0,0,0,0,0,0,0,0,0,0.335,0.335,0,0.671,0,0,4,12,28,1
0,0,0,0,2.94,0,0,0,0,0,0,0,0,0,0,2.94,0,0,0,0,0,0,0,0,0,0,0,0,0,0,0,0,0,0,0,0,0,0,0,0,0,0,0,0,0,0,0,0,0.355,0.355,0,0.711,0,0,4,12,28,1
0,0,0.55,0,1.11,0,0.18,0,0,0,0,0.18,0.92,0,0.18,0,0.37,0.37,3.15,0,0.92,0,0,0,0,0,0,0,0,0,0,0,0,0,0,0,0,0,0,0,0,0,0,0,0,0,0,0,0,0.182,0,0.426,0,0,1.283,4,68,1
0,0,0,0,0.52,0,0.26,0.52,0,0.26,0.26,0.52,0,0,0,0.26,1.56,0.26,1.82,2.08,0.26,0,0,0,0,0,0,0,0,0,0,0,0,0,0,0,0,0,0,0,0,0,0,0,0,0,0,0,0,0.073,0,0.813,0.036,0.147,2.145,38,339,1
0.15,0.45,1.05,0,0.45,0,0,1.81,0.6,0.75,0,0.9,0.3,0,0.3,0,0,0,4.07,0,1.51,0,0,0.3,0,0,0,0,0,0,0,0,0,0,0,0,0,0,0,0,0,0,0,0,0.15,0,0,0,0,0.25,0,1.318,0.068,0,5.301,130,774,1
0.18,0,0.18,0,1.57,0.36,0.06,0.06,0.06,0.12,0.06,0.54,0.3,0.06,0,0,0.72,0.06,4.54,0.24,1.09,0,0.84,0.06,0,0,0,0,0,0,0,0,0,0,0,0,0,0,0,0,0,0,0.06,0,0.06,0,0,0,0.01,0.052,0,0.01,0.167,0,1.733,12,442,1
0.49,0,0.99,0,0,0.99,0,0,0,0.99,0.99,2.48,0.49,0,0,4.97,0.99,0,3.48,0,1.99,0,0.49,0,0,0,0,0,0,0,0,0,0,0,0,0,0,0,0,0,0,0,0,0,0,0,0,0,0,0.34,0,0.17,0,0,1.468,8,94,1
0.46,0.3,0.46,0,0.05,0.12,0.05,0.28,0.43,0.74,0.25,0.97,0.56,1.23,0,0.25,0.43,0.02,3.22,0,1.46,0,1.05,0.36,0,0,0,0,0,0,0,0,0,0,0,0,0,0,0,0,0,0,0,0,0.02,0,0,0,0,0.065,0,0.325,0.756,0.153,5.891,193,3040,1
0.46,0.46,0.26,0,0,0.33,0.06,0.33,0,1.12,0.39,0.73,0.79,0,0.26,0.26,0,0.26,3.51,0,0.66,0,0.19,0.26,0,0,0,0,0,0,0,0,0,0,0,0,0,0,0,0,0,0,0,0,0,0,0,0,0.036,0.084,0,0.278,0.23,0.084,3.887,40,898,1
0,0,0,0,0,0,0,0,0,0,0,0,0,0,0,0,0,0,1.43,0,0,0,0,0,0,0,0,0,0,0,0,0,0,0,0,0,0,0,0,0,0,0,0,0,0.47,0.47,0,0,0,0.252,0.168,0.168,0,0,1.228,5,43,0
0,0,0,0,0,0,0,0,0,0,0,0,0,0,0,0,0,0,0,0,0,0,0,0,0,0,0,0,0,0,0,0,0,0,0,0,0,0,0,0,0,0,0,0,0,6.66,0,0,0,0.334,0,0,0,0,3.333,18,60,0
0,0,0,0,0,0,0,0,0,0,0,0,0,0,0,0,0,0,0,0,0,0,0,0,0,0,0,0,0,0,0,0,0,0,0,0,0,0,0,0,0,0,0,16.66,0,0,0,0,0,0,0,0,0,0,2,3,4,0
0.33,0,0,0,0,0,0,0,0,0,0,0.33,0,0,0,0,0,0,0.66,0,0,0,0,0,0,0,0,0,0,0,0,0,0,0,0,0,0,0,0,0,0,0.33,0,0,0.99,0.33,0,0,0,0.175,0.058,0.116,0,0,1.271,5,75,0
0.17,0,0.68,0,0.34,0.34,0,0,0,0,0,0,0,0,0,0,0,0.34,4.8,0,1.88,0,0,0,0,0,0,0,0,0,0,0,0,0,0,0,0,0,0,0,0,0,0,0,0.51,0.17,0,0,0,0.032,0,0.065,0,0,1.189,5,69,0
0,0,0,0,0,0,0,0,0,0,0,0,0,0,0,0,0,0,2.77,0,0,0,0,0,0,0,0,0,0,0,0,0,0,0,0,0,0,0,0,0,0,0,0,0,0,2.77,0,0,0,0,0,0,0,0,1,1,10,0
0.69,0,0,0,0.69,0,0,0,0,0,0,0,0,0,0,0,0,0,1.38,0,0,0,0,0,0,0,0,0,0,0,0,0,0,0,0,0,0,0,0.69,0,0,1.38,0,0,1.38,1.38,0,0,0,0.302,0,0,0,0.1,2.447,15,93,0
0.16,0,0.32,0,0.1,0.1,0,0,0,0,0,0.21,0.96,0,0,0.05,0.05,0,0.64,0,0,0,0.1,0,0,0,0,0,0,0,0,0,0,0,0,0,0,0,0,0,0,0,0,0,0.1,0,0,0,0.025,0.017,0.008,0,0.008,0.008,1.318,12,244,0
0,0,0.55,0,0,0,0,0,0,0,0,0,0,0,0,0,0,1.11,4.45,0,0.83,0,0,0,0,0,0,0,0,0,0,0,0,0,0,0,0,0,0,0,0,0,0,0,0.27,0.27,0,0,0,0.052,0,0,0,0,1.2,4,54,0
0,0,0,0,0,0,0,0,0,0,0,0,0,0,0,0,0,0,0,0,0,0,0,0,0,0,0,0,0,0,0,0,0,0,0,0,0,0,0,0,0,0,0,0,0,3.12,0,0,0,0,0,0,0,0,1,1,7,0
0,0,0,0,0,0,0,0,0,0,0,0,0,0,0,0,0,0,10.63,0,2.12,0,0,0,0,0,0,0,0,0,0,0,0,0,0,0,0,0,0,0,0,0,0,0,2.12,2.12,0,0,0.374,0,0,0,0,0,1,1,7,0
0,0,1.02,0,0,0,0,0,0,0,0,0,0,0,0,0,0,0,3.06,0,2.04,0,0,0,0,0,0,0,0,0,0,0,0,0,0,0,0,0,0,0,1.02,0,0,0,0,1.02,0,0,0,0.55,0,0,0,0,1.333,5,28,0
0.54,0,0.54,0,0.54,0,0,0,0,0,0,0,0,0,0,0,0,0,4.39,0,1.64,0,0,0,0,0,0,0,0,0,0,0,0,0,0,0,0,0,0,0,0,0,0,0.54,0,1.09,0,0,0,0,0.097,0,0,0,1.512,11,59,0
0,0,0.37,0,0.28,0.28,0,0,0.09,0,0,0.18,0.28,0,0,0,0,0.46,2.71,0,0.93,0,0,0,0,0,0,0,0,0,0,0,0,0,0,0,0,0,0,0,0,0,0,0,0.56,0.09,0.09,0,0,0.017,0,0,0,0,1.024,3,128,0
0,0,0,0,0,0,0,0,0,0,0.6,0,0,0,0,0,0,0,1.82,0,0,0,0,0,0,0,0,0,0,0,0,0,0,0,0,0,0,0,0,0,0,0,0,0,0.6,1.21,0,0,0.112,0,0,0,0,0,1.617,11,55,0
0,0,0.45,0,0.45,0,0,0,0,0,0,0,0.22,0,0,0,0,0,1.35,0,0.22,0,0,0,0,0,0,0,0,0,0,0,0,0,0,0,0,0,0,0,0,0,0,0.22,0.22,0.22,0,0,0,0,0,0,0,0,1.13,3,78,0
0.14,0,0.14,0,0,0.56,0,0,0,0,0,0.14,0,0,0,0,0,0.28,2.41,0,0.14,0,0,0,0,0,0,0,0,0,0,0,0,0,0,0,0,0,0,0,0.42,0,0,0,0.7,0.14,0,0,0,0.053,0,0,0,0,1.136,5,108,0
0.67,0,0,0,0.67,0,0,0,0,0,0,0,0,0,0,0,0,0,1.34,0,0,0,0,0,0,0,0,0,0,0,0,0,0,0,0,0,0,0,0.67,0,0,1.34,0,0,2.01,1.34,0,0,0,0.29,0,0,0,0.096,2.432,15,90,0
0.25,0,0.5,0,0.25,0,0,0,0,0,0,0.5,0,0,0,0,0,0.75,6.28,0,0.75,0,0,0,0,0,0,0,0,0,0,0,0,0,0,0,0,0,0,0,0,0,0,0,0.5,0.25,0,0,0.048,0,0,0,0,0,1,1,42,0
0,0,0,0,0,0,0,0,0,0,0,0.5,1.01,0,0,0.5,0,0.5,2.53,0,0.5,0,0,0,0,0,0,0,0,0,0,0,0,0,0,0,0,0,0,0,0,0.5,0,0,0.5,0.5,0,0,0,0.087,0,0,0.087,0,1.225,3,38,0
0,0,0.46,0,0.23,0.23,0,0,0,0,0,0,0,0,0,0.23,0,0,1.63,0,0.23,0,0,0,0,0,0,0,0,0,0,0,0,0,0,0,0,0,0,0,0.46,0,0,0,0,0.23,0,0,0,0.082,0,0.082,0,0,1.256,5,98,0
0,0,0,0,0,0,0,0,0,0,0,0,0,0,0,0,0,0,0,0,0,0,0,0,0,0,0,0,0,0,0,0,0,0,0,0,0,0,0,0,0,0,0,0,0,1.4,0,0,0,0.254,0,0,0,0,1,1,13,0
0,0,0.18,0,0.18,0.18,0,0,0,0,0,0,0,0,0,0,0,0,2.06,0,0.56,0,0,0,0,0,0,0,0,0,0,0,0,0,0,0,0,0,0,0,0,0,0,0.37,0.56,0.37,0,0,0.033,0.033,0,0.099,0,0,1.489,11,137,0
0.29,0,0.29,0,0,0,0,0,0,0.29,0,0.29,0.59,0,0,0.29,0,0,3.86,0,0.29,0,0,0,0,0,0,0,0,0,0,0,0,0,0,0,0,0,0,0,0,0,0,0,0,0.29,0,0,0,0.107,0,0,0,0,1.22,6,61,0
0,0,0,0,0,0,0,0,0,1.38,0,0,0,0,0,0,0,1.38,0,0,0,0,0,0,0,0,0,0,0,0,0,0,0,0,0,0,0,0,0,0,0,0,0,0,1.38,2.77,0,0,0,0.213,0,0,0,0,1.72,11,43,0
0,0,0,0,0,0,0,0,0,0,0,0.37,0.37,0,0,0,0,0,1.49,0,0,0,0,0,0,0,0,0,0,0,0,0,0,0,0,0.37,0,0,0,0,0.37,0,0,0,1.11,0.37,0,0,0,0.131,0,0,0,0,1.488,5,64,0
0,0,1.2,0,0,0,0,0,0,0,0,0,0,0,0,0,0,0,3.61,0,2.4,0,0,0,0,0,0,0,0,0,0,0,0,0,0,0,0,0,0,0,0,0,0,0,0,1.2,0,0,0,0,0,0,0,0,1.2,3,24,0
0,0,0.4,0,0,0,0,0,0,0,0,0,0,0,0,0,0,0,0.8,0,0,0,0,0.4,0,0,0,0,0,0,0,0,0,0,0,0,0,0,0,0,0,0,0,0,0.4,0.4,0,0,0,0,0.145,0,0,0,1.372,5,70,0
0.27,0.05,0.1,0,0,0,0,0,0,0,0,0.48,0,0,0,0,0,0.1,0.97,0,0.1,3.47,0,0,0,0,0,0,0,0,0,0,0,0,0,0,0.27,0,0,0,0,0,0,0,0,0.76,0,0,0.607,0.064,0.036,0.055,0,0.202,3.766,43,1789,0
0,0,0,0,0,0,0,0,0,0,0,0,0,0,0,0,0,0,0,0,0,0,0,0,0,0,0,0,0,0,0,0,0,0,0,0,0,0,0,0,4.76,0,0,0,0,4.76,0,0,0,0,0,0,0,0,1.571,5,11,0
0,0,0,0,0,0.51,0,0,0,0,0,0,0,0,0,0,0,0.51,3.06,0,1.02,0,0,0,0,0,0,0,0,0,0,0,0,0,0,0,0,0,0,0,0,0,0,0,0,0.51,0,0,0,0.091,0,0.091,0,0,1.586,4,46,0
0,0,0,0,0,0,0,0,0,0,0,0,0,0,0,0,0,0.89,0.89,0,0,0,0,0,0,0,0,0,0,0,0,0,0,0,0,0,0,0,0,0,0,0,0,0,0,0.89,0,0,0,0,0,0,0,0,1.266,3,19,0
0,0,1.23,0,0,0,0,0,0,0,0,0,0,0,0,0,0,0.61,1.85,0,0,0,0,0,0,0,0,0,0,0,0,0,0,0,0,0,0,0,0,0,0.61,0.61,0,0,1.23,0.61,0,0,0,0,0.406,0,0,0,1.666,13,70,0
0,0,0.45,0,0,0.22,0,0,0,0,0,0,0.45,0,0,0,0,0,1.83,0,0.45,0,0,0,0,0,0,0,0.22,0,0,0,0,0,0,0,0,0,0,0,0.68,0,0,0.45,0.22,0.22,0,0,0,0.082,0,0.041,0,0,1.5,7,123,0
0,0,0,0,0,0,0,0,0,0,0,0,0,0,0,0,0,0,9.52,0,0,0,0,0,0,0,0,0,0,0,0,0,0,0,0,0,0,0,0,0,0,0,0,0,0,4.76,0,0,0,0.625,0,0,0,0,1.375,4,11,0
0,0,0,0,0.36,0,0,0,0,0,0,3.3,0,0,0,0,0.36,0.36,1.47,0,0.36,0,0,0,0,0,0,0,0,0,0,0,0,0,0,0,0,0,1.47,0,0,0,0,0,0,0,0,0,0,0.112,0,0,0,0.056,1.793,21,174,0
0,0,0,0,0,0,0,0,0,0,0,0.71,0.71,0,0,0,0,0,0.71,0,0,0,0,0,0,0,0,0,0,0,0,0,0,0,0,0,0,0,0,0,0,0,0,0,0,0.71,0,0,0,0.125,0,0,0.125,0,1.272,4,28,0
0,0,3.03,0,0,0,0,0,0,0,0,0,0,0,0,0,0,0,0,0,0,0,0,0,0,0,0,0,0,0,0,0,0,0,0,0,0,0,0,0,0,0,0,0,3.03,3.03,0,0,0,0,0,0,0,0,1.111,2,10,0
0,0,0,0,0.54,0,0,0,0,0,0,0.54,0,0,0,0,0,0,0.54,0,0.54,0,0,0,0,0,0,0,0,0,0,0,0,0,0,0,0,0,0,0,0,0,0,1.09,0,0.54,0,0,0,0,0,0,0,0,1,1,22,0
0,0,0,0,0,0,0,0,0,0,0,0.58,0,0,0,0.58,0,0,2.9,0,0.58,0.58,0,0,0,0,0,0,0,0,0,0,0,0,0,0,0,0,0,0,0,0,0,0,0,0.58,0,0,0,0.185,0,0,0,0.092,2.468,11,79,0
0,0,0,0,0,0,0,0,0,0,0,0,0,0,0,0,0,0,6.89,0,0,0,0,0,0,0,0,0,0,0,0,0,0,0,0,0,0,0,0,0,0,0,0,0,0,3.44,0,0,0,0,0,0,0,0,1,1,8,0
0,0,1.25,0,2.5,0,0,0,0,0,0,0,0.62,0,0,0,0,0,0.62,0,0,0,0,0,0,0,0,0,0,0,0,0,0,0,0,0,0,0,0,0,0.62,0,0,1.25,0.62,0.62,0,0,0,0.111,0,0,0,0,1.285,4,27,0
0,0,0,0,0,0,0,0,0,0,0,0,0,0,0,0,0,0,0,0,0,0,0,0,0,0,0,0,0,0,0,0,0,0,0,0,0,0,0,0,0,0,0,0,0,7.69,0,0,0,0,0,1.052,0,0,1,1,6,0
0,0,0,0,0,0,0,0,0,0,0,1.61,0,0,0,0,0,0,6.45,0,0,0,0,0,0,0,0,0,0,1.61,0,0,0,0,0,0,0,0,0,0,0,0,0,0,0,1.61,0,0,0,0.63,0,0,0,0,1.727,5,19,0
0,0,1.19,0,0,0,0,0,0,0,0,0,0,0,0,0,0,0.59,3.57,0,1.19,0,0,0,0,0,0,0,0,0,0,0,0,0,0,0,0,0,0,0,0,0,0,0,0,0.59,0,0,0,0,0,0,0,0,1,1,24,0
0.31,0,0.62,0,0,0.31,0,0,0,0,0,1.88,0,0,0,0,0,0,0.62,0,0,0,0,0,0,0,0,0,0,0,0,0,0,0,0,0,0,0,0,0,0,0,0,0.31,0.31,0.31,0,0,0,0.232,0,0,0,0,1.142,3,88,0
0,0,0,0,0,0,0,0,0,0,0,0,0,0,0,0,0,0,6,0,2,0,0,0,0,0,0,0,0,0,0,0,0,0,0,0,0,0,0,0,0,0,0,0,0,2,0,0,0,0,0,0.353,0,0,1.555,4,14,0
0.3,0,0.3,0,0,0,0,0,0,0,0,1.8,0.3,0,0,0,0,0.9,1.5,0,0.3,0,0,0,0,0,0,0,0,0,0,0,0,0,0,0,0,0,0,0,0,0,0,0,0,1.2,0,0,0.102,0.718,0,0,0,0,1.404,6,118,0
0.96,0,0,0,0.32,0,0,0,0,0,0,0.32,0,0,0,0,0,0,1.93,0,0.32,0,0,0,0,0,0,0,0,0,0,0,0,0,0,0,0,0,0,0,0,0,0,0.32,0,0.32,0,0,0,0.057,0,0,0,0,1.147,5,78,0
0,0,0.65,0,0,0,0,0,0,0,0,0,0.65,0,0,0,0,0,4.6,0,0.65,0,0,0,0,0,0,0,0,0,0,0,0,0,0,0,0,0,0,0,0,0,0,0,1.97,0.65,0,0,0,0,0,0.125,0,0,1.25,5,40,0
